0   0   0   0   0   0   0   0   6   0   0   0   0   0   0   0   0   0   0   0   0   0   0   0   0   5   0   0   0   0   0
l2  1   1   1   1   1   1   1   l1  1   1   1   1   1   1   l4  1   1   1   1   1   1   1   1   1   1   1   1   1   1   1
1   0   0   0   0   1   3   0   1   0   4   0   1   0   0   7   0   0   1   0   0   3   1   0   0   1   0   0   0   0   l3
1   4   1   1   1   1   0   0   1   0   1   0   1   0   1   1   1   0   1   0   1   0   1   0   0   1   1   1   1   4   1
1   0   0   0   0   1   0   0   1   0   1   0   l1  0   0   1   0   0   1   0   1   0   1   0   0   1   0   0   0   0   1
1   1   1   1   1   1   1   1   1   1   1   1   1   1   1   1   1   1   l34 1   1   1   l34 1   1   1   1   1   1   1   1
1   0   0   0   0   1   0   0   1   0   0   0   1   0   0   b20 0   0   1   0   0   0   1   0   0   1   0   0   0   0   1
l2  b1  1   1   1   1   0   0   1   4   1   1   1   0   0   0   0   0   1   1   1   4   1   0   0   1   1   1   1   b3  1
1   0   0   0   0   1   0   0   1   0   0   0   1   0   0   0   0   0   1   0   0   0   1   0   0   1   0   0   0   0   1
1   1   1   1   1   l23 1   1   1   1   1   1   l2  1   1   1   1   1   1   1   1   1   1   1   1   1   1   1   1   1   1
1   0   0   0   0   1   0   0   1   0   0   0   1   0   0   0   0   0   1   0   0   0   1   0   0   1   0   0   0   0   1
1   0   0   0   0   1   0   0   1   0   0   0   1   0   0   0   0   0   1   0   0   0   1   0   0   1   0   0   0   0   1
1   1   1   1   1   1   1   1   1   1   1   1   1   1   1   1   1   1   l3  1   1   1   l4  1   1   1   1   1   1   1   1
1   0   0   0   0   1   0   0   1   0   0   0   1   0   0   1   0   0   1   0   0   0   1   0   0   1   0   0   0   0   1
1   0   0   0   0   1   0   0   1   0   1   1   1   0   0   1   0   0   1   1   1   0   1   0   0   1   0   0   0   0   1
1   1   1   1   1   1   0   0   1   b10 1   0   1   0   0   l2  0   0   1   0   1   b10 1   0   0   1   1   1   1   1   l4
1   3   0   0   0   l1  0   0   1   0   1   1   1   0   0   1   0   0   1   1   1   0   1   0   0   1   0   0   0   3   1
1   0   0   0   0   1   0   0   1   0   0   0   1   0   0   1   0   0   1   0   0   0   1   0   0   1   0   0   0   0   1
1   1   1   1   1   1   1   1   1   1   1   1   1   1   1   1   1   1   l3  1   1   1   1   1   1   1   1   1   1   1   1
1   0   0   0   0   1   0   0   0   0   0   0   1   0   0   0   0   0   1   0   0   0   0   0   0   1   0   0   0   0   1
1   0   b2  0   0   1   0   0   b5  0   0   0   1   0   0   4   0   0   1   0   0   0   b5  0   0   1   0   0   b2  0   1
l1  1   1   1   1   1   1   1   1   1   1   1   l2  1   1   1   1   1   1   1   1   1   1   l3  1   1   1   1   1   1   l3
0   0   0   0   0   0   0   0   0   6   0   0   0   0   0   0   0   0   0   0   0   6   0   0   0   0   0   0   0   0   0
